<?xml version="1.0" encoding="utf-8" standalone="no"?><!DOCTYPE svg PUBLIC "-//W3C//DTD SVG 1.1//EN" "http://www.w3.org/Graphics/SVG/1.1/DTD/svg11.dtd">
<svg preserveAspectRatio="xMinYMin meet" width="100%" height="100%" viewBox="0 0 452.813 275.625"  version="1.1" xmlns="http://www.w3.org/2000/svg" xmlns:xlink="http://www.w3.org/1999/xlink">
  <desc>Matlab Figure Converted by PLOT2SVG written by Juerg Schwizer</desc>
  <g id="topgroup">
  <rect x="0" y="0" width="452.813" height="275.625" fill="#ffffff" stroke="none" />
  <g id ="ID000000">
  <clipPath id="ID000001">
    <rect x="81.655" y="18.482" width="346.414" height="64.286"/>
  </clipPath>
      <polygon fill="#ffffff" fill-opacity="1.00" stroke="none" stroke-width="1.0pt" stroke-opacity="1.00" stroke-dasharray="none" points="81.655,82.768 428.069,82.768 428.069,18.482 81.655,18.482 "/>
      <polygon fill="#ffffff" fill-opacity="1.00" stroke="none" stroke-width="1.0pt" stroke-opacity="1.00" stroke-dasharray="none" points="81.655,18.482 428.069,18.482 428.069,18.482 81.655,18.482 "/>
      <polygon fill="#ffffff" fill-opacity="1.00" stroke="none" stroke-width="1.0pt" stroke-opacity="1.00" stroke-dasharray="none" points="81.655,82.768 81.655,82.768 81.655,18.482 81.655,18.482 "/>
    <g>
<g id="ID000002" clip-path="url(#ID000001)" >
      <polyline fill="none" stroke="#0072bd" stroke-width="1.0pt" stroke-dasharray="none" points="-58.634,60.005 -57.768,54.031 -56.902,46.002 -56.036,39.470 -55.170,36.936 -54.304,36.683 -53.438,39.549 -52.572,46.679 -51.706,55.293 -50.840,62.348 -49.974,65.999 -49.108,67.735 -48.242,67.811 -47.375,65.537 -46.509,63.207 -45.643,61.695 -44.777,61.570 -43.911,62.388 -43.045,63.179 -42.179,63.320 -41.313,62.866 -40.447,62.028 -39.581,61.257 -38.715,60.924 -37.849,61.525 -36.983,63.579 -36.117,66.325 -35.251,69.600 -34.385,73.061 -33.519,76.226 -32.653,78.394 -31.787,79.588 -30.921,80.282 -30.055,80.408 -29.189,80.191 -28.323,79.414 -27.457,78.315 -26.591,76.725 -25.724,75.310 -24.858,74.305 -23.992,74.043 -23.126,74.078 -22.260,74.028 -21.394,73.109 -20.528,70.711 -19.662,66.510 -18.796,61.048 -17.930,55.199 -17.064,49.550 -16.198,45.130 -15.332,43.020 -14.466,44.105 -13.600,47.823 -12.734,52.773 -11.868,58.048 -11.002,62.588 -10.136,65.903 -9.270,68.003 -8.404,68.864 -7.538,67.989 -6.672,64.858 -5.806,59.799 -4.940,53.629 -4.073,46.908 -3.207,40.869 -2.341,37.139 -1.475,35.772 -0.609,36.672 0.257,39.412 1.123,43.742 1.989,49.049 2.855,54.084 3.721,58.410 4.587,62.273 5.453,65.755 6.319,68.707 7.185,71.452 8.051,74.258 8.917,76.728 9.783,78.432 10.649,79.122 11.515,78.692 12.381,77.390 13.247,75.822 14.113,74.374 14.979,73.431 15.845,73.298 16.711,73.921 17.578,75.187 18.444,76.452 19.310,77.345 20.176,77.679 21.042,77.502 21.908,77.047 22.774,76.372 23.640,75.536 24.506,74.069 25.372,72.189 26.238,69.747 27.104,66.313 27.970,61.346 28.836,55.242 29.702,49.127 30.568,44.424 31.434,41.826 32.300,41.414 33.166,42.365 34.032,44.225 34.898,47.082 35.764,51.390 36.630,56.509 37.496,61.626 38.362,66.290 39.229,69.919 40.095,72.120 40.961,73.046 41.827,72.684 42.693,71.027 43.559,68.403 44.425,64.868 45.291,60.896 46.157,56.381 47.023,51.812 47.889,47.167 48.755,42.462 49.621,38.081 50.487,34.625 51.353,32.406 52.219,31.573 53.085,32.149 53.951,34.795 54.817,39.777 55.683,45.824 56.549,51.735 57.415,55.474 58.281,57.002 59.147,56.259 60.013,52.379 60.880,45.732 61.746,39.638 62.612,36.689 63.478,36.355 64.344,40.019 65.210,47.331 66.076,54.542 66.942,57.887 67.808,58.290 68.674,54.835 69.540,47.032 70.406,39.125 71.272,35.024 72.138,34.561 73.004,36.652 73.870,43.347 74.736,52.613 75.602,61.210 76.468,66.368 77.334,68.797 78.200,69.985 79.066,68.679 79.932,66.355 80.798,64.515 81.664,63.585 82.531,63.079 83.397,62.860 84.263,62.385 85.129,61.611 85.995,60.957 86.861,60.723 87.727,60.985 88.593,61.877 89.459,63.518 90.325,65.671 91.191,68.022 92.057,70.869 92.923,73.879 93.789,76.324 94.655,78.112 95.521,79.106 96.387,79.671 97.253,80.090 98.119,80.042 98.985,79.474 99.851,78.616 100.717,77.567 101.583,76.423 102.449,75.244 103.315,74.246 104.182,73.401 105.048,72.510 105.914,71.405 106.780,69.710 107.646,67.155 108.512,63.891 109.378,59.943 110.244,55.912 111.110,52.044 111.976,49.647 112.842,49.154 113.708,50.750 114.574,53.730 115.440,57.522 116.306,60.997 117.172,63.842 118.038,66.066 118.904,67.185 119.770,66.527 120.636,63.536 121.502,58.404 122.368,51.952 123.234,44.963 124.100,38.596 124.966,34.506 125.833,32.912 126.699,33.676 127.565,36.665 128.431,41.626 129.297,47.635 130.163,53.596 131.029,59.268 131.895,64.377 132.761,68.619 133.627,72.085 134.493,74.948 135.359,77.142 136.225,78.571 137.091,79.108 137.957,78.873 138.823,77.993 139.689,76.817 140.555,75.653 141.421,74.630 142.287,73.924 143.153,73.650 144.019,73.855 144.885,74.431 145.751,75.342 146.617,76.165 147.484,76.789 148.350,77.138 149.216,77.313 150.082,77.146 150.948,76.505 151.814,75.313 152.680,73.004 153.546,69.743 154.412,65.391 155.278,58.939 156.144,51.158 157.010,44.020 157.876,39.329 158.742,37.488 159.608,38.817 160.474,41.916 161.340,46.142 162.206,51.419 163.072,57.362 163.938,62.773 164.804,67.218 165.670,70.395 166.536,72.229 167.402,72.786 168.268,72.292 169.135,71.020 170.001,69.034 170.867,66.789 171.733,64.084 172.599,61.075 173.465,57.681 174.331,53.645 175.197,48.801 176.063,43.200 176.929,37.111 177.795,31.903 178.661,27.654 179.527,25.124 180.393,24.969 181.259,28.341 182.125,34.370 182.991,41.530 183.857,47.565 184.723,51.511 185.589,53.207 186.455,52.450 187.321,47.911 188.187,42.527 189.053,39.155 189.919,38.719 190.786,40.688 191.652,47.028 192.518,55.071 193.384,61.335 194.250,63.416 195.116,62.665 195.982,56.943 196.848,48.110 197.714,40.247 198.580,36.333 199.446,35.267 200.312,37.856 201.178,45.128 202.044,53.983 202.910,61.150 203.776,64.702 204.642,66.294 205.508,66.161 206.374,63.780 207.240,62.080 208.106,61.808 208.972,62.786 209.838,64.034 210.704,64.322 211.570,63.276 212.437,61.271 213.303,59.212 214.169,57.943 215.035,58.241 215.901,60.174 216.767,63.599 217.633,67.553 218.499,71.326 219.365,74.508 220.231,77.004 221.097,78.723 221.963,79.524 222.829,79.891 223.695,80.000 224.561,79.880 225.427,79.311 226.293,78.528 227.159,77.472 228.025,76.650 228.891,76.015 229.757,75.532 230.623,75.052 231.489,74.289 232.355,73.082 233.222,71.319 234.088,68.966 234.954,66.213 235.820,63.227 236.686,60.259 237.552,57.579 238.418,55.586 239.284,54.791 240.150,55.623 241.016,57.311 241.882,59.586 242.748,61.932 243.614,63.727 244.480,64.703 245.346,64.737 246.212,63.842 247.078,61.566 247.944,57.864 248.810,53.006 249.676,47.819 250.542,43.197 251.408,39.729 252.274,38.187 253.140,38.236 254.006,39.469 254.873,42.029 255.739,45.627 256.605,49.675 257.471,53.991 258.337,58.561 259.203,63.071 260.069,67.279 260.935,71.192 261.801,74.663 262.667,77.190 263.533,78.407 264.399,78.333 265.265,77.120 266.131,75.424 266.997,73.817 267.863,72.748 268.729,72.306 269.595,72.514 270.461,73.327 271.327,74.397 272.193,75.420 273.059,76.047 273.925,76.212 274.791,76.044 275.657,75.779 276.524,75.475 277.390,75.193 278.256,74.761 279.122,73.907 279.988,72.312 280.854,69.988 281.720,66.142 282.586,60.060 283.452,52.915 284.318,45.479 285.184,40.101 286.050,37.224 286.916,37.402 287.782,39.689 288.648,43.852 289.514,49.949 290.380,57.152 291.246,64.027 292.112,69.502 292.978,73.173 293.844,75.065 294.710,75.173 295.576,73.722 296.442,71.110 297.308,67.682 298.175,63.930 299.041,60.067 299.907,56.226 300.773,52.611 301.639,49.013 302.505,45.048 303.371,40.799 304.237,36.793 305.103,33.204 305.969,30.370 306.835,28.589 307.701,29.363 308.567,32.673 309.433,37.451 310.299,42.450 311.165,45.826 312.031,47.273 312.897,46.703 313.763,42.844 314.629,36.441 315.495,31.029 316.361,29.520 317.227,31.658 318.093,36.991 318.959,46.734 319.826,56.573 320.692,62.245 321.558,64.301 322.424,62.981 323.290,56.581 324.156,49.217 325.022,44.633 325.888,43.024 326.754,43.075 327.620,47.736 328.486,54.972 329.352,62.267 330.218,66.478 331.084,68.218 331.950,68.594 332.816,66.485 333.682,63.514 334.548,61.567 335.414,61.131 336.280,62.174 337.146,63.723 338.012,64.465 338.878,63.827 339.744,62.196 340.610,60.288 341.477,58.683 342.343,58.293 343.209,59.747 344.075,63.087 344.941,67.283 345.807,71.584 346.673,75.378 347.539,78.004 348.405,79.538 349.271,80.286 350.137,80.781 351.003,80.900 351.869,80.684 352.735,79.955 353.601,78.916 354.467,77.451 355.333,75.971 356.199,74.839 357.065,74.185 357.931,73.929 358.797,73.981 359.663,73.838 360.529,73.175 361.395,71.583 362.261,69.099 363.128,65.817 363.994,62.099 364.860,58.459 365.726,55.727 366.592,54.486 367.458,55.178 368.324,57.360 369.190,60.502 370.056,63.608 370.922,65.916 371.788,66.884 372.654,66.194 373.520,63.621 374.386,59.154 375.252,53.340 376.118,46.517 376.984,40.329 377.850,35.917 378.716,34.038 379.582,34.920 380.448,37.611 381.314,41.701 382.180,46.455 383.046,51.256 383.912,55.572 384.779,59.602 385.645,63.262 386.511,66.423 387.377,69.437 388.243,72.489 389.109,75.172 389.975,77.218 390.841,78.187 391.707,77.953 392.573,76.653 393.439,74.678 394.305,72.602 395.171,70.889 396.037,69.843 396.903,69.722 397.769,70.676 398.635,72.377 399.501,74.316 400.367,76.002 401.233,76.983 402.099,77.221 402.965,76.893 403.831,76.044 404.697,74.891 405.563,73.353 406.430,71.280 407.296,68.765 408.162,65.647 409.028,61.645 409.894,55.828 410.760,49.911 411.626,44.530 412.492,41.181 413.358,40.248 414.224,41.543 415.090,44.176 415.956,48.135 416.822,53.799 417.688,59.896 418.554,65.555 419.420,70.400 420.286,73.490 421.152,75.237 422.018,75.649 422.884,74.694 423.750,72.505 424.616,69.323 425.482,65.298 426.348,60.669 427.214,55.438 428.081,49.913 428.947,43.904 429.813,37.903 430.679,32.537 431.545,28.351 432.411,25.623 433.277,24.417 434.143,25.772 435.009,30.165 435.875,36.400 436.741,42.881 437.607,47.745 438.473,50.187 439.339,50.535 440.205,48.012 441.071,41.619 441.937,33.971 442.803,28.213 443.669,27.275 444.535,29.405 445.401,36.084 446.267,46.694 447.133,56.616 447.999,61.606 448.865,62.719 449.732,59.700 450.598,52.459 451.464,45.610 452.330,42.438 453.196,41.685 454.062,44.705 454.928,51.706 455.794,59.850 456.660,65.904 457.526,68.687 458.392,69.787 459.258,69.197 460.124,66.811 460.990,64.728 461.856,63.813 462.722,64.081 463.588,64.816 464.454,64.756 465.320,63.787 466.186,62.033 467.052,60.256 467.918,59.049 468.784,58.683 469.650,59.730 470.516,62.380 471.383,66.041 472.249,69.807 473.115,73.243 473.981,76.181 474.847,77.978 475.713,79.053 476.579,79.702 477.445,80.138 478.311,80.419 479.177,80.350 480.043,79.979 480.909,79.276 481.775,78.219 482.641,76.991 483.507,75.676 484.373,74.387 485.239,73.431 486.105,72.946 486.971,72.839 487.837,72.742 488.703,72.321 489.569,71.296 490.435,69.461 491.301,66.645 492.167,63.274 493.034,59.985 493.900,57.386 494.766,56.340 495.632,56.859 496.498,58.673 497.364,61.180 498.230,63.460 499.096,64.771 499.962,64.644 500.828,62.838 501.694,59.129 502.560,53.759 503.426,47.309 504.292,41.040 505.158,36.387 506.024,33.964 506.890,34.005 507.756,36.132 508.622,39.897 509.488,44.777 510.354,49.723 511.220,54.865 512.086,59.759 512.952,64.189 513.819,68.024 514.685,71.528 515.551,74.494 516.417,76.632 517.283,77.671 518.149,77.718 519.015,76.890 519.881,75.536 520.747,74.085 521.613,72.801 522.479,71.707 523.345,70.910 524.211,70.577 525.077,70.977 525.943,71.951 526.809,73.359 527.675,74.846 528.541,76.173 529.407,77.135 530.273,77.550 531.139,77.454 532.005,76.599 532.871,74.894 533.737,72.330 534.603,68.946 535.470,64.537 536.336,58.641 537.202,51.330 538.068,43.997 538.934,37.872 539.800,35.163 540.666,36.073 541.532,39.455 542.398,44.494 543.264,51.425 544.130,58.967 544.996,65.703 545.862,70.914 546.728,74.287 547.594,75.747 548.460,75.897 549.326,74.886 550.192,72.984 551.058,70.435 551.924,67.510 552.790,64.121 553.656,60.265 554.522,55.818 555.388,50.541 556.254,44.460 557.121,38.048 557.987,31.767 558.853,26.505 559.719,22.545 560.585,20.252 561.451,21.828 562.317,26.608 563.183,33.083 564.049,39.339 564.915,43.506 565.781,45.978 566.647,45.896 567.513,42.268 "/>
<g>
</g>
</g>
<g id="ID000003" clip-path="url(#ID000001)" >
      <polygon fill="#0072bd" fill-opacity="0.40" stroke="#0072bd" stroke-width="0.5pt" stroke-opacity="0.00" stroke-dasharray="none" points="-58.634,63.939 -57.768,62.595 -56.902,57.277 -56.036,49.501 -55.170,43.412 -54.304,43.849 -53.438,49.779 -52.572,57.507 -51.706,63.227 -50.840,65.858 -49.974,67.993 -49.108,69.917 -48.242,71.722 -47.375,72.983 -46.509,72.308 -45.643,70.661 -44.777,68.915 -43.911,68.073 -43.045,67.676 -42.179,67.088 -41.313,66.200 -40.447,65.167 -39.581,64.777 -38.715,65.564 -37.849,67.663 -36.983,70.581 -36.117,73.476 -35.251,76.471 -34.385,78.580 -33.519,79.811 -32.653,80.458 -31.787,80.963 -30.921,81.366 -30.055,81.479 -29.189,81.402 -28.323,81.114 -27.457,80.679 -26.591,80.193 -25.724,79.573 -24.858,78.920 -23.992,78.432 -23.126,78.254 -22.260,77.985 -21.394,77.197 -20.528,75.280 -19.662,71.534 -18.796,65.849 -17.930,59.661 -17.064,54.099 -16.198,50.174 -15.332,50.218 -14.466,52.274 -13.600,55.608 -12.734,59.159 -11.868,62.138 -11.002,64.911 -10.136,67.584 -9.270,69.374 -8.404,70.108 -7.538,69.291 -6.672,67.044 -5.806,63.311 -4.940,58.356 -4.073,52.609 -3.207,46.889 -2.341,41.783 -1.475,38.927 -0.609,38.881 0.257,41.820 1.123,46.538 1.989,51.395 2.855,55.533 3.721,59.460 4.587,63.289 5.453,66.939 6.319,70.265 7.185,73.118 8.051,75.522 8.917,77.637 9.783,79.204 10.649,79.803 11.515,79.562 12.381,78.490 13.247,76.956 14.113,75.586 14.979,75.062 15.845,75.401 16.711,76.555 17.578,77.896 18.444,79.039 19.310,79.707 20.176,80.043 21.042,79.827 21.908,79.275 22.774,78.265 23.640,77.015 24.506,75.495 25.372,73.580 26.238,71.209 27.104,68.640 27.970,65.871 28.836,62.692 29.702,58.486 30.568,53.511 31.434,49.001 32.300,46.600 33.166,46.606 34.032,49.247 34.898,53.490 35.764,58.340 36.630,62.567 37.496,66.327 38.362,69.449 39.229,71.749 40.095,73.378 40.961,74.110 41.827,73.647 42.693,72.059 43.559,69.564 44.425,66.478 45.291,62.973 46.157,59.230 47.023,55.575 47.889,51.644 48.755,47.622 49.621,43.538 50.487,39.539 51.353,36.315 52.219,34.962 53.085,36.453 53.951,41.219 54.817,46.789 55.683,52.119 56.549,55.714 57.415,57.703 58.281,58.705 59.147,58.911 60.013,57.738 60.880,54.223 61.746,47.591 62.612,41.833 63.478,42.211 64.344,48.575 65.210,55.289 66.076,58.497 66.942,60.163 67.808,60.732 68.674,60.703 69.540,57.970 70.406,50.665 71.272,43.354 72.138,40.602 73.004,45.910 73.870,54.763 74.736,62.236 75.602,66.275 76.468,68.783 77.334,70.959 78.200,72.643 79.066,74.131 79.932,74.501 80.798,73.128 81.664,71.485 82.531,69.841 83.397,68.403 84.263,67.010 85.129,65.533 85.995,64.408 86.861,64.306 87.727,65.352 88.593,67.547 89.459,69.988 90.325,72.618 91.191,75.324 92.057,77.396 92.923,78.696 93.789,79.329 94.655,79.831 95.521,80.288 96.387,80.815 97.253,81.224 98.119,81.537 98.985,81.612 99.851,81.395 100.717,80.949 101.583,80.235 102.449,79.376 103.315,78.438 104.182,77.609 105.048,76.756 105.914,75.574 106.780,73.733 107.646,71.058 108.512,67.490 109.378,63.317 110.244,59.425 111.110,56.524 111.976,55.991 112.842,56.272 113.708,57.573 114.574,59.216 115.440,60.985 116.306,63.047 117.172,65.408 118.038,67.362 118.904,68.389 119.770,67.971 120.636,65.943 121.502,62.103 122.368,56.670 123.234,50.165 124.100,43.735 124.966,38.220 125.833,35.221 126.699,35.599 127.565,38.934 128.431,43.975 129.297,49.404 130.163,54.884 131.029,60.276 131.895,65.439 132.761,69.948 133.627,73.617 134.493,76.377 135.359,78.368 136.225,79.605 137.091,80.106 137.957,79.904 138.823,79.185 139.689,78.070 140.555,76.888 141.421,76.000 142.287,75.734 143.153,75.925 144.019,76.593 144.885,77.489 145.751,78.286 146.617,78.948 147.484,79.325 148.350,79.420 149.216,79.240 150.082,78.800 150.948,77.945 151.814,76.562 152.680,74.440 153.546,71.511 154.412,67.925 155.278,64.034 156.144,59.485 157.010,54.103 157.876,48.418 158.742,44.578 159.608,43.580 160.474,46.232 161.340,51.726 162.206,57.860 163.072,63.629 163.938,67.988 164.804,71.085 165.670,72.993 166.536,73.908 167.402,74.016 168.268,73.391 169.135,72.076 170.001,70.268 170.867,68.162 171.733,65.954 172.599,63.562 173.465,60.837 174.331,57.591 175.197,53.492 176.063,48.317 176.929,42.466 177.795,36.404 178.661,31.463 179.527,29.350 180.393,31.214 181.259,36.050 182.125,41.977 182.991,46.899 183.857,50.589 184.723,53.280 185.589,55.263 186.455,56.520 187.321,55.789 188.187,51.582 189.053,45.918 189.919,43.566 190.786,47.929 191.652,55.532 192.518,61.741 193.384,64.169 194.250,65.333 195.116,65.287 195.982,64.360 196.848,59.279 197.714,50.701 198.580,43.157 199.446,42.244 200.312,48.466 201.178,56.470 202.044,61.977 202.910,64.817 203.776,66.705 204.642,68.525 205.508,70.537 206.374,71.739 207.240,71.109 208.106,70.019 208.972,69.321 209.838,69.362 210.704,68.984 211.570,67.528 212.437,65.419 213.303,63.138 214.169,62.291 215.035,63.766 215.901,67.222 216.767,71.356 217.633,74.947 218.499,77.830 219.365,79.441 220.231,80.202 221.097,80.589 221.963,80.814 222.829,81.005 223.695,81.036 224.561,81.008 225.427,80.991 226.293,80.874 227.159,80.701 228.025,80.320 228.891,79.849 229.757,79.310 230.623,78.637 231.489,77.879 232.355,76.759 233.222,74.980 234.088,72.490 234.954,69.437 235.820,65.995 236.686,62.962 237.552,60.927 238.418,59.996 239.284,60.269 240.150,61.306 241.016,62.770 241.882,64.031 242.748,64.829 243.614,65.516 244.480,66.036 245.346,65.963 246.212,64.994 247.078,63.118 247.944,60.336 248.810,56.755 249.676,52.504 250.542,47.986 251.408,43.890 252.274,40.829 253.140,39.921 254.006,41.128 254.873,43.830 255.739,47.256 256.605,50.897 257.471,55.144 258.337,59.704 259.203,64.450 260.069,68.919 260.935,72.777 261.801,75.936 262.667,78.214 263.533,79.478 264.399,79.670 265.265,78.737 266.131,77.175 266.997,75.486 267.863,74.349 268.729,74.121 269.595,75.031 270.461,76.258 271.327,77.484 272.193,78.477 273.059,78.969 273.925,79.068 274.791,78.865 275.657,78.426 276.524,77.779 277.390,77.010 278.256,76.215 279.122,75.234 279.988,73.723 280.854,71.702 281.720,69.112 282.586,65.949 283.452,61.259 284.318,55.204 285.184,48.542 286.050,43.698 286.916,42.013 287.782,44.220 288.648,50.056 289.514,56.643 290.380,63.323 291.246,68.545 292.112,72.550 292.978,75.045 293.844,76.325 294.710,76.227 295.576,74.755 296.442,72.123 297.308,68.931 298.175,65.442 299.041,62.211 299.907,59.215 300.773,56.381 301.639,53.469 302.505,50.224 303.371,46.108 304.237,41.510 305.103,37.173 305.969,34.306 306.835,34.043 307.701,36.601 308.567,40.686 309.433,44.337 310.299,46.725 311.165,48.261 312.031,49.107 312.897,49.936 313.763,49.768 314.629,46.999 315.495,41.147 316.361,35.973 317.227,37.250 318.093,45.937 318.959,55.465 319.826,61.607 320.692,64.647 321.558,66.334 322.424,66.835 323.290,65.317 324.156,59.375 325.022,52.162 325.888,48.562 326.754,51.683 327.620,58.563 328.486,64.831 329.352,67.859 330.218,69.067 331.084,70.157 331.950,71.222 332.816,72.446 333.682,72.385 334.548,70.942 335.414,69.367 336.280,68.505 337.146,68.461 338.012,68.377 338.878,67.672 339.744,66.063 340.610,64.134 341.477,63.016 342.343,64.129 343.209,67.269 344.075,71.245 344.941,74.917 345.807,77.712 346.673,79.287 347.539,80.167 348.405,80.827 349.271,81.354 350.137,81.727 351.003,81.864 351.869,81.785 352.735,81.418 353.601,80.797 354.467,80.156 355.333,79.400 356.199,78.540 357.065,77.942 357.931,77.470 358.797,77.246 359.663,76.798 360.529,75.865 361.395,74.191 362.261,71.447 363.128,67.966 363.994,64.350 364.860,61.398 365.726,59.488 366.592,59.304 367.458,60.310 368.324,62.058 369.190,64.144 370.056,66.015 370.922,67.551 371.788,68.090 372.654,67.245 373.520,64.814 374.386,60.860 375.252,55.748 376.118,50.186 376.984,44.611 377.850,40.041 378.716,37.193 379.582,36.799 380.448,39.254 381.314,43.190 382.180,47.885 383.046,52.355 383.912,56.635 384.779,60.680 385.645,64.551 386.511,68.206 387.377,71.475 388.243,74.273 389.109,76.590 389.975,78.340 390.841,79.310 391.707,79.430 392.573,78.437 393.439,76.522 394.305,74.443 395.171,72.676 396.037,72.033 396.903,72.785 397.769,74.296 398.635,76.053 399.501,77.810 400.367,79.110 401.233,79.721 402.099,79.784 402.965,79.290 403.831,78.243 404.697,76.718 405.563,74.842 406.430,72.675 407.296,70.221 408.162,67.724 409.028,65.197 409.894,62.687 410.760,58.708 411.626,53.851 412.492,49.039 413.358,46.240 414.224,46.017 415.090,48.954 415.956,54.271 416.822,60.129 417.688,65.471 418.554,69.645 419.420,72.739 420.286,75.036 421.152,76.347 422.018,76.585 422.884,75.599 423.750,73.505 424.616,70.558 425.482,66.956 426.348,62.940 427.214,58.773 428.081,54.310 428.947,49.070 429.813,43.657 430.679,37.763 431.545,32.763 432.411,29.484 433.277,29.500 434.143,33.363 435.009,38.534 435.875,43.992 436.741,48.011 437.607,50.676 438.473,52.135 439.339,53.072 440.205,53.157 441.071,51.618 441.937,46.136 442.803,38.758 443.669,33.800 444.535,36.691 445.401,46.320 446.267,55.795 447.133,61.349 447.999,63.801 448.865,64.881 449.732,65.016 450.598,61.651 451.464,54.227 452.330,47.978 453.196,48.417 454.062,55.140 454.928,62.525 455.794,67.243 456.660,69.328 457.526,70.771 458.392,72.069 459.258,73.491 460.124,74.367 460.990,73.453 461.856,72.132 462.722,71.184 463.588,70.808 464.454,70.031 465.320,68.433 466.186,66.568 467.052,64.211 467.918,63.226 468.784,63.565 469.650,66.650 470.516,70.456 471.383,73.946 472.249,76.870 473.115,78.720 473.981,79.529 474.847,79.965 475.713,80.354 476.579,80.722 477.445,81.116 478.311,81.468 479.177,81.627 480.043,81.498 480.909,81.135 481.775,80.521 482.641,79.741 483.507,78.810 484.373,77.738 485.239,76.806 486.105,76.103 486.971,75.533 487.837,74.964 488.703,74.328 489.569,73.043 490.435,71.081 491.301,68.423 492.167,65.518 493.034,62.954 493.900,61.211 494.766,60.654 495.632,61.053 496.498,62.133 497.364,63.560 498.230,65.125 499.096,66.112 499.962,65.788 500.828,64.022 501.694,60.657 502.560,55.980 503.426,50.461 504.292,44.799 505.158,39.798 506.024,36.366 506.890,35.690 507.756,37.507 508.622,41.291 509.488,45.828 510.354,50.994 511.220,56.103 512.086,61.206 512.952,65.949 513.819,70.255 514.685,73.620 515.551,76.293 516.417,78.102 517.283,79.179 518.149,79.252 519.015,78.569 519.881,77.280 520.747,75.875 521.613,74.484 522.479,73.658 523.345,73.240 524.211,73.808 525.077,74.675 525.943,75.846 526.809,77.072 527.675,78.167 528.541,79.053 529.407,79.526 530.273,79.537 531.139,79.044 532.005,77.901 532.871,76.140 533.737,73.567 534.603,70.334 535.470,66.739 536.336,62.891 537.202,58.726 538.068,53.318 538.934,47.505 539.800,42.828 540.666,41.683 541.532,44.104 542.398,50.446 543.264,57.950 544.130,64.941 544.996,70.514 545.862,73.966 546.728,76.092 547.594,77.019 548.460,76.836 549.326,75.706 550.192,73.904 551.058,71.554 551.924,68.856 552.790,66.054 553.656,63.150 554.522,59.755 555.388,55.642 556.254,50.328 557.121,43.966 557.987,36.952 558.853,30.586 559.719,27.025 560.585,27.522 561.451,30.942 562.317,35.658 563.183,39.968 564.049,43.280 564.915,45.912 565.781,48.110 566.647,49.968 567.513,51.001 567.513,30.886 566.647,36.648 565.781,39.393 564.915,36.173 564.049,28.822 563.183,21.341 562.317,16.796 561.451,15.374 560.585,16.862 559.719,19.953 558.853,24.325 557.987,29.391 557.121,34.964 556.254,40.404 555.388,45.887 554.522,51.291 553.656,56.209 552.790,60.429 551.924,64.450 551.058,68.141 550.192,70.992 549.326,72.854 548.460,73.496 547.594,72.670 546.728,69.894 545.862,65.558 544.996,59.887 544.130,53.647 543.264,47.486 542.398,41.715 541.532,36.966 540.666,33.732 539.800,32.317 538.934,32.970 538.068,36.380 537.202,42.776 536.336,50.969 535.470,58.830 534.603,64.773 533.737,68.654 532.871,71.136 532.005,72.507 531.139,73.276 530.273,73.397 529.407,72.836 528.541,71.906 527.675,70.723 526.809,69.690 525.943,69.001 525.077,68.655 524.211,68.915 523.345,69.567 522.479,70.517 521.613,71.727 520.747,73.127 519.881,74.591 519.015,75.928 518.149,76.774 517.283,76.764 516.417,75.692 515.551,73.354 514.685,69.976 513.819,65.899 512.952,61.756 512.086,57.590 511.220,53.269 510.354,48.414 509.488,43.248 508.622,38.545 507.756,34.802 506.890,32.573 506.024,32.147 505.158,33.850 504.292,37.813 503.426,43.601 502.560,49.962 501.694,56.012 500.828,60.510 499.962,62.533 499.096,61.956 498.230,59.577 497.364,56.501 496.498,53.760 495.632,52.548 494.766,53.025 493.900,55.231 493.034,58.301 492.167,61.950 491.301,65.389 490.435,68.135 489.569,70.038 488.703,71.159 487.837,71.471 486.971,71.402 486.105,71.296 485.239,71.290 484.373,71.728 483.507,72.649 482.641,73.883 481.775,75.101 480.909,75.988 480.043,76.711 479.177,77.028 478.311,77.100 477.445,77.067 476.579,76.403 475.713,74.576 474.847,71.982 473.981,68.320 473.115,64.679 472.249,61.252 471.383,58.691 470.516,57.204 469.650,56.666 468.784,56.628 467.918,57.115 467.052,58.453 466.186,60.204 465.320,61.720 464.454,62.394 463.588,61.844 462.722,59.962 461.856,57.509 460.990,56.012 460.124,56.586 459.258,59.265 458.392,62.648 457.526,61.679 456.660,55.654 455.794,47.416 454.928,41.005 454.062,38.685 453.196,39.094 452.330,40.327 451.464,41.998 450.598,44.826 449.732,51.021 448.865,57.042 447.999,55.565 447.133,46.485 446.267,36.855 445.401,30.396 444.535,26.744 443.669,24.182 442.803,23.877 441.937,25.625 441.071,31.126 440.205,38.231 439.339,44.092 438.473,44.260 437.607,39.648 436.741,32.779 435.875,26.654 435.009,23.090 434.143,21.673 433.277,21.892 432.411,23.402 431.545,26.121 430.679,29.977 429.813,34.429 428.947,39.539 428.081,45.213 427.214,51.143 426.348,56.917 425.482,62.292 424.616,66.914 423.750,70.458 422.884,72.791 422.018,73.533 421.152,72.542 420.286,69.710 419.420,65.420 418.554,60.099 417.688,54.256 416.822,49.271 415.956,44.923 415.090,41.499 414.224,38.953 413.358,37.770 412.492,37.643 411.626,38.750 410.760,41.877 409.894,47.449 409.028,53.955 408.162,60.527 407.296,64.635 406.430,67.321 405.563,69.155 404.697,70.629 403.831,71.781 402.965,72.769 402.099,73.394 401.233,73.254 400.367,72.309 399.501,71.043 398.635,69.583 397.769,68.329 396.903,67.950 396.037,68.475 395.171,69.730 394.305,71.541 393.439,73.636 392.573,75.633 391.707,76.993 390.841,77.322 389.975,76.333 389.109,74.161 388.243,71.157 387.377,67.740 386.511,64.425 385.645,61.319 384.779,58.150 383.912,54.301 383.046,49.840 382.180,44.878 381.314,40.252 380.448,36.191 379.582,33.253 378.716,32.042 377.850,32.908 376.984,36.398 376.118,42.156 375.252,49.105 374.386,55.694 373.520,60.870 372.654,63.772 371.788,63.804 370.922,61.676 370.056,58.364 369.190,54.892 368.324,52.163 367.458,51.017 366.592,51.801 365.726,53.820 364.860,56.995 363.994,60.754 363.128,64.506 362.261,67.810 361.395,70.307 360.529,71.827 359.663,72.354 358.797,72.166 357.931,71.700 357.065,71.374 356.199,71.563 355.333,72.472 354.467,73.727 353.601,75.175 352.735,76.517 351.869,77.535 351.003,77.742 350.137,77.820 349.271,76.733 348.405,74.610 347.539,71.276 346.673,66.871 345.807,62.595 344.941,58.707 344.075,56.222 343.209,55.426 342.343,55.788 341.477,56.921 340.610,58.500 339.744,60.507 338.878,62.108 338.012,62.745 337.146,61.718 336.280,59.242 335.414,56.142 334.548,53.678 333.682,53.518 332.816,56.191 331.950,60.106 331.084,61.440 330.218,57.531 329.352,50.319 328.486,43.596 327.620,39.939 326.754,39.770 325.888,40.490 325.022,41.877 324.156,43.824 323.290,47.927 322.424,54.586 321.558,59.081 320.692,55.828 319.826,46.627 318.959,37.842 318.093,32.591 317.227,28.915 316.361,26.633 315.495,26.089 314.629,27.844 313.763,33.049 312.897,39.360 312.031,41.746 311.165,39.101 310.299,33.347 309.433,27.969 308.567,25.161 307.701,24.777 306.835,26.194 305.969,28.363 305.103,31.213 304.237,34.713 303.371,38.074 302.505,41.438 301.639,44.567 300.773,48.303 299.907,52.229 299.041,56.524 298.175,61.000 297.308,65.358 296.442,68.973 295.576,71.546 294.710,72.543 293.844,71.736 292.978,68.961 292.112,64.192 291.246,58.283 290.380,51.944 289.514,45.861 288.648,40.685 287.782,36.652 286.916,34.597 286.050,34.177 285.184,35.753 284.318,39.207 283.452,44.775 282.586,52.104 281.720,59.284 280.854,65.376 279.988,68.646 279.122,70.153 278.256,70.681 277.390,70.900 276.524,71.173 275.657,71.698 274.791,72.160 273.925,72.635 273.059,72.951 272.193,72.702 271.327,72.260 270.461,71.467 269.595,71.016 268.729,71.032 267.863,71.629 266.997,72.801 266.131,74.479 265.265,76.160 264.399,77.389 263.533,77.547 262.667,76.307 261.801,73.603 260.935,69.890 260.069,65.527 259.203,61.271 258.337,57.047 257.471,52.690 256.605,48.173 255.739,43.846 254.873,40.465 254.006,38.151 253.140,36.729 252.274,36.467 251.408,37.532 250.542,39.754 249.676,43.460 248.810,48.262 247.944,53.182 247.078,57.714 246.212,60.740 245.346,61.932 244.480,60.997 243.614,58.762 242.748,55.960 241.882,53.306 241.016,51.443 240.150,50.977 239.284,51.894 238.418,53.679 237.552,56.151 236.686,58.940 235.820,61.902 234.954,64.901 234.088,67.546 233.222,69.649 232.355,71.142 231.489,72.122 230.623,72.409 229.757,72.562 228.891,72.636 228.025,72.977 227.159,73.497 226.293,74.295 225.427,75.199 224.561,76.184 223.695,76.524 222.829,76.239 221.963,74.776 221.097,72.573 220.231,69.660 219.365,66.441 218.499,63.230 217.633,60.032 216.767,57.457 215.901,56.124 215.035,55.547 214.169,56.002 213.303,57.462 212.437,59.384 211.570,61.331 210.704,62.330 209.838,61.768 208.972,59.553 208.106,56.327 207.240,53.957 206.374,53.670 205.508,55.919 204.642,59.002 203.776,57.435 202.910,50.413 202.044,41.467 201.178,34.513 200.312,32.191 199.446,32.546 198.580,33.794 197.714,36.058 196.848,39.794 195.982,47.297 195.116,54.888 194.250,58.241 193.384,53.203 192.518,45.602 191.652,40.093 190.786,37.823 189.919,36.410 189.053,36.060 188.187,36.921 187.321,39.747 186.455,44.767 185.589,48.061 184.723,46.287 183.857,40.249 182.991,32.114 182.125,26.147 181.259,22.778 180.393,22.004 179.527,22.992 178.661,25.603 177.795,29.612 176.929,34.531 176.063,39.753 175.197,44.799 174.331,49.405 173.465,53.521 172.599,57.384 171.733,60.756 170.867,64.001 170.001,66.765 169.135,68.696 168.268,69.737 167.402,69.565 166.536,68.112 165.670,65.446 164.804,61.736 163.938,57.252 163.072,52.629 162.206,47.831 161.340,43.213 160.474,39.019 159.608,35.851 158.742,34.470 157.876,34.876 157.010,37.363 156.144,43.104 155.278,51.003 154.412,58.993 153.546,65.608 152.680,69.260 151.814,71.594 150.948,72.644 150.082,73.216 149.216,73.394 148.350,73.187 147.484,73.025 146.617,72.635 145.751,72.366 144.885,72.116 144.019,72.051 143.153,72.139 142.287,72.732 141.421,73.591 140.555,74.704 139.689,75.970 138.823,77.174 137.957,78.116 137.091,78.409 136.225,77.852 135.359,76.287 134.493,73.835 133.627,70.602 132.761,66.918 131.895,62.861 131.029,57.981 130.163,52.012 129.297,45.467 128.431,39.535 127.565,35.096 126.699,32.236 125.833,31.149 124.966,32.389 124.100,35.764 123.234,40.735 122.368,47.154 121.502,53.393 120.636,58.793 119.770,62.405 118.904,63.880 118.038,62.895 117.172,59.879 116.306,55.530 115.440,50.376 114.574,46.097 113.708,43.855 112.842,44.062 111.976,46.477 111.110,50.004 110.244,54.270 109.378,58.564 108.512,62.595 107.646,65.841 106.780,68.132 105.914,69.488 105.048,70.187 104.182,70.484 103.315,70.843 102.449,71.547 101.583,72.487 100.717,73.502 99.851,74.398 98.985,75.232 98.119,75.841 97.253,76.253 96.387,75.865 95.521,74.599 94.655,72.102 93.789,68.662 92.923,65.416 92.057,62.569 91.191,60.863 90.325,59.797 89.459,59.287 88.593,58.917 87.727,58.650 86.861,58.798 85.995,59.237 85.129,59.772 84.263,60.263 83.397,60.409 82.531,59.833 81.664,58.515 80.798,57.363 79.932,57.441 79.066,59.234 78.200,61.954 77.334,62.728 76.468,58.002 75.602,49.683 74.736,40.916 73.870,35.027 73.004,32.689 72.138,31.719 71.272,31.972 70.406,33.002 69.540,37.225 68.674,44.635 67.808,51.593 66.942,51.681 66.076,44.978 65.210,37.968 64.344,34.426 63.478,33.843 62.612,34.200 61.746,35.775 60.880,38.979 60.013,44.658 59.147,50.605 58.281,52.470 57.415,49.607 56.549,43.743 55.683,37.760 54.817,33.765 53.951,31.298 53.085,30.051 52.219,29.611 51.353,30.233 50.487,32.220 49.621,35.003 48.755,38.491 47.889,42.655 47.023,47.371 46.157,52.305 45.291,57.264 44.425,61.932 43.559,65.984 42.693,68.825 41.827,70.398 40.961,70.192 40.095,68.662 39.229,65.320 38.362,60.654 37.496,55.588 36.630,50.909 35.764,46.991 34.898,43.896 34.032,41.522 33.166,39.742 32.300,38.540 31.434,38.797 30.568,39.786 29.702,42.416 28.836,47.234 27.970,53.893 27.104,60.495 26.238,65.619 25.372,68.561 24.506,70.332 23.640,71.557 22.774,72.450 21.908,73.483 21.042,74.233 20.176,74.619 19.310,74.478 18.444,73.926 17.578,73.041 16.711,72.324 15.845,71.959 14.979,72.346 14.113,73.351 13.247,74.886 12.381,76.646 11.515,77.962 10.649,78.471 9.783,77.774 8.917,75.986 8.051,73.349 7.185,70.186 6.319,66.884 5.453,63.913 4.587,60.992 3.721,56.916 2.855,51.789 1.989,46.197 1.123,41.513 0.257,37.818 -0.609,35.077 -1.475,33.828 -2.341,34.518 -3.207,37.143 -4.073,41.860 -4.940,47.919 -5.806,54.430 -6.672,59.830 -7.538,63.707 -8.404,65.272 -9.270,64.661 -10.136,61.358 -11.002,56.226 -11.868,50.075 -12.734,43.782 -13.600,39.804 -14.466,38.296 -15.332,39.508 -16.198,42.787 -17.064,47.608 -17.930,53.261 -18.796,59.204 -19.662,64.384 -20.528,68.370 -21.394,70.723 -22.260,71.505 -23.126,71.062 -23.992,70.326 -24.858,70.054 -25.724,70.464 -26.591,71.731 -27.457,73.398 -28.323,75.356 -29.189,76.546 -30.055,76.787 -30.921,76.261 -31.787,74.323 -32.653,71.661 -33.519,68.252 -34.385,64.738 -35.251,61.613 -36.117,59.458 -36.983,58.463 -37.849,58.241 -38.715,58.627 -39.581,59.315 -40.447,60.302 -41.313,61.197 -42.179,61.630 -43.045,61.216 -43.911,59.974 -44.777,58.027 -45.643,55.750 -46.509,54.673 -47.375,55.647 -48.242,58.643 -49.108,60.993 -49.974,59.032 -50.840,51.668 -51.706,43.239 -52.572,36.495 -53.438,33.967 -54.304,33.623 -55.170,34.172 -56.036,35.615 -56.902,38.149 -57.768,43.923 -58.634,51.153 "/>
</g>
<g id="ID000004" clip-path="url(#ID000001)" >
      <polyline fill="none" stroke="#ff0000" stroke-width="1.0pt" stroke-dasharray="none" points="-58.634,80.805 -57.768,80.929 -56.902,81.142 -56.036,81.397 -55.170,81.670 -54.304,81.917 -53.438,82.096 -52.572,82.209 -51.706,82.275 -50.840,82.318 -49.974,82.344 -49.108,82.366 -48.242,82.384 -47.375,82.409 -46.509,82.435 -45.643,82.459 -44.777,82.481 -43.911,82.492 -43.045,82.487 -42.179,82.458 -41.313,82.386 -40.447,82.268 -39.581,82.092 -38.715,81.873 -37.849,81.629 -36.983,81.374 -36.117,81.179 -35.251,81.034 -34.385,80.969 -33.519,80.903 -32.653,80.830 -31.787,80.762 -30.921,80.675 -30.055,80.612 -29.189,80.646 -28.323,80.792 -27.457,81.033 -26.591,81.325 -25.724,81.644 -24.858,81.914 -23.992,82.138 -23.126,82.296 -22.260,82.401 -21.394,82.464 -20.528,82.483 -19.662,82.480 -18.796,82.466 -17.930,82.433 -17.064,82.400 -16.198,82.341 -15.332,82.248 -14.466,82.087 -13.600,81.823 -12.734,81.426 -11.868,80.908 -11.002,80.351 -10.136,79.805 -9.270,79.330 -8.404,78.960 -7.538,78.842 -6.672,78.887 -5.806,79.098 -4.940,79.541 -4.073,80.081 -3.207,80.573 -2.341,80.920 -1.475,81.007 -0.609,80.871 0.257,80.592 1.123,80.246 1.989,80.141 2.855,80.234 3.721,80.382 4.587,80.343 5.453,79.933 6.319,78.727 7.185,76.520 8.051,73.365 8.917,69.422 9.783,64.854 10.649,60.610 11.515,56.205 12.381,52.343 13.247,48.993 14.113,46.505 14.979,45.347 15.845,45.108 16.711,45.217 17.578,45.326 18.444,45.306 19.310,46.101 20.176,48.139 21.042,50.683 21.908,53.175 22.774,55.038 23.640,56.720 24.506,57.948 25.372,58.826 26.238,59.274 27.104,59.814 27.970,61.240 28.836,63.549 29.702,66.541 30.568,69.390 31.434,72.099 32.300,74.392 33.166,76.347 34.032,78.036 34.898,79.466 35.764,80.567 36.630,81.250 37.496,81.583 38.362,81.670 39.229,81.703 40.095,81.728 40.961,81.829 41.827,81.942 42.693,81.975 43.559,81.928 44.425,81.809 45.291,81.647 46.157,81.499 47.023,81.416 47.889,81.390 48.755,81.407 49.621,81.410 50.487,81.406 51.353,81.371 52.219,81.348 53.085,81.356 53.951,81.398 54.817,81.470 55.683,81.538 56.549,81.558 57.415,81.526 58.281,81.438 59.147,81.299 60.013,81.159 60.880,81.050 61.746,81.006 62.612,81.003 63.478,81.040 64.344,81.053 65.210,81.057 66.076,81.040 66.942,81.037 67.808,81.063 68.674,81.176 69.540,81.360 70.406,81.586 71.272,81.825 72.138,82.054 73.004,82.241 73.870,82.363 74.736,82.422 75.602,82.443 76.468,82.444 77.334,82.437 78.200,82.431 79.066,82.441 79.932,82.444 80.798,82.435 81.664,82.399 82.531,82.355 83.397,82.290 84.263,82.219 85.129,82.153 85.995,82.074 86.861,81.978 87.727,81.849 88.593,81.676 89.459,81.500 90.325,81.347 91.191,81.239 92.057,81.212 92.923,81.242 93.789,81.288 94.655,81.333 95.521,81.350 96.387,81.339 97.253,81.325 98.119,81.338 98.985,81.377 99.851,81.485 100.717,81.638 101.583,81.809 102.449,81.998 103.315,82.168 104.182,82.299 105.048,82.385 105.914,82.426 106.780,82.437 107.646,82.434 108.512,82.415 109.378,82.390 110.244,82.347 111.110,82.271 111.976,82.135 112.842,81.912 113.708,81.607 114.574,81.208 115.440,80.780 116.306,80.433 117.172,80.134 118.038,79.921 118.904,79.751 119.770,79.691 120.636,79.718 121.502,79.888 122.368,80.222 123.234,80.640 124.100,80.983 124.966,81.202 125.833,81.219 126.699,81.036 127.565,80.760 128.431,80.507 129.297,80.362 130.163,80.331 131.029,80.321 131.895,80.095 132.761,79.419 133.627,77.967 134.493,75.704 135.359,72.631 136.225,68.796 137.091,64.621 137.957,59.997 138.823,55.378 139.689,50.657 140.555,46.255 141.421,43.201 142.287,41.966 143.153,41.675 144.019,42.197 144.885,42.716 145.751,43.610 146.617,45.301 147.484,47.603 148.350,49.930 149.216,51.954 150.082,53.889 150.948,55.776 151.814,57.580 152.680,58.883 153.546,59.746 154.412,60.835 155.278,62.686 156.144,65.379 157.010,68.597 157.876,71.575 158.742,74.199 159.608,76.482 160.474,78.271 161.340,79.684 162.206,80.724 163.072,81.378 163.938,81.690 164.804,81.804 165.670,81.839 166.536,81.887 167.402,81.972 168.268,82.058 169.135,82.117 170.001,82.096 170.867,82.019 171.733,81.913 172.599,81.838 173.465,81.812 174.331,81.822 175.197,81.856 176.063,81.895 176.929,81.902 177.795,81.836 178.661,81.739 179.527,81.603 180.393,81.473 181.259,81.330 182.125,81.229 182.991,81.161 183.857,81.121 184.723,81.110 185.589,81.104 186.455,81.102 187.321,81.125 188.187,81.162 189.053,81.215 189.919,81.298 190.786,81.388 191.652,81.467 192.518,81.542 193.384,81.597 194.250,81.624 195.116,81.665 195.982,81.735 196.848,81.816 197.714,81.908 198.580,82.009 199.446,82.100 200.312,82.175 201.178,82.217 202.044,82.232 202.910,82.215 203.776,82.181 204.642,82.147 205.508,82.119 206.374,82.106 207.240,82.106 208.106,82.115 208.972,82.129 209.838,82.134 210.704,82.130 211.570,82.113 212.437,82.091 213.303,82.063 214.169,82.034 215.035,82.001 215.901,81.958 216.767,81.915 217.633,81.882 218.499,81.851 219.365,81.836 220.231,81.820 221.097,81.785 221.963,81.726 222.829,81.626 223.695,81.483 224.561,81.337 225.427,81.203 226.293,81.145 227.159,81.161 228.025,81.243 228.891,81.402 229.757,81.606 230.623,81.817 231.489,82.005 232.355,82.143 233.222,82.230 234.088,82.273 234.954,82.292 235.820,82.293 236.686,82.287 237.552,82.293 238.418,82.273 239.284,82.224 240.150,82.110 241.016,81.926 241.882,81.687 242.748,81.411 243.614,81.137 244.480,80.895 245.346,80.688 246.212,80.481 247.078,80.297 247.944,80.228 248.810,80.252 249.676,80.421 250.542,80.713 251.408,80.944 252.274,81.104 253.140,81.070 254.006,80.855 254.873,80.493 255.739,80.126 256.605,79.854 257.471,79.720 258.337,79.710 259.203,79.497 260.069,78.815 260.935,77.178 261.801,74.574 262.667,70.955 263.533,66.345 264.399,61.229 265.265,55.689 266.131,50.074 266.997,44.960 267.863,41.043 268.729,38.846 269.595,38.523 270.461,39.422 271.327,40.631 272.193,41.700 273.059,43.553 273.925,46.177 274.791,48.941 275.657,51.802 276.524,54.301 277.390,56.333 278.256,58.249 279.122,59.699 279.988,60.659 280.854,61.568 281.720,62.951 282.586,65.315 283.452,68.434 284.318,71.531 285.184,74.364 286.050,76.849 286.916,78.825 287.782,80.296 288.648,81.285 289.514,81.846 290.380,82.142 291.246,82.252 292.112,82.281 292.978,82.283 293.844,82.293 294.710,82.338 295.576,82.362 296.442,82.368 297.308,82.337 298.175,82.264 299.041,82.170 299.907,82.085 300.773,82.024 301.639,81.991 302.505,81.967 303.371,81.911 304.237,81.802 305.103,81.627 305.969,81.420 306.835,81.205 307.701,81.046 308.567,80.932 309.433,80.894 310.299,80.920 311.165,81.023 312.031,81.170 312.897,81.333 313.763,81.492 314.629,81.642 315.495,81.770 316.361,81.868 317.227,81.947 318.093,81.988 318.959,81.982 319.826,81.941 320.692,81.875 321.558,81.807 322.424,81.745 323.290,81.692 324.156,81.659 325.022,81.653 325.888,81.664 326.754,81.695 327.620,81.743 328.486,81.782 329.352,81.795 330.218,81.795 331.084,81.793 331.950,81.798 332.816,81.825 333.682,81.899 334.548,81.991 335.414,82.099 336.280,82.206 337.146,82.282 338.012,82.328 338.878,82.351 339.744,82.360 340.610,82.355 341.477,82.343 342.343,82.319 343.209,82.273 344.075,82.206 344.941,82.110 345.807,81.987 346.673,81.842 347.539,81.666 348.405,81.459 349.271,81.207 350.137,80.949 351.003,80.702 351.869,80.489 352.735,80.368 353.601,80.365 354.467,80.482 355.333,80.708 356.199,81.002 357.065,81.325 357.931,81.653 358.797,81.899 359.663,82.078 360.529,82.179 361.395,82.211 362.261,82.223 363.128,82.226 363.994,82.254 364.860,82.302 365.726,82.349 366.592,82.349 367.458,82.280 368.324,82.090 369.190,81.804 370.056,81.425 370.922,81.041 371.788,80.701 372.654,80.405 373.520,80.101 374.386,79.812 375.252,79.618 376.118,79.582 376.984,79.690 377.850,79.933 378.716,80.276 379.582,80.472 380.448,80.477 381.314,80.289 382.180,79.948 383.046,79.597 383.912,79.393 384.779,79.452 385.645,79.547 386.511,79.292 387.377,78.136 388.243,75.629 389.109,71.843 389.975,67.045 390.841,61.592 391.707,56.187 392.573,50.962 393.439,46.102 394.305,41.981 395.171,39.480 396.037,38.676 396.903,39.118 397.769,41.141 398.635,42.836 399.501,45.066 400.367,48.229 401.233,51.712 402.099,54.717 402.965,56.716 403.831,58.078 404.697,59.295 405.563,60.187 406.430,60.798 407.296,61.261 408.162,62.222 409.028,64.114 409.894,66.813 410.760,69.739 411.626,72.629 412.492,75.260 413.358,77.529 414.224,79.351 415.090,80.633 415.956,81.479 416.822,81.985 417.688,82.252 418.554,82.367 419.420,82.392 420.286,82.391 421.152,82.380 422.018,82.371 422.884,82.352 423.750,82.302 424.616,82.216 425.482,82.097 426.348,81.968 427.214,81.854 428.081,81.765 428.947,81.692 429.813,81.612 430.679,81.519 431.545,81.400 432.411,81.252 433.277,81.121 434.143,81.056 435.009,81.088 435.875,81.119 436.741,81.194 437.607,81.304 438.473,81.425 439.339,81.601 440.205,81.787 441.071,81.961 441.937,82.109 442.803,82.189 443.669,82.195 444.535,82.108 445.401,81.924 446.267,81.679 447.133,81.455 447.999,81.259 448.865,81.145 449.732,81.095 450.598,81.112 451.464,81.193 452.330,81.294 453.196,81.412 454.062,81.517 454.928,81.624 455.794,81.721 456.660,81.801 457.526,81.882 458.392,81.966 459.258,82.049 460.124,82.150 460.990,82.250 461.856,82.347 462.722,82.430 463.588,82.491 464.454,82.534 465.320,82.549 466.186,82.528 467.052,82.472 467.918,82.372 468.784,82.236 469.650,82.081 470.516,81.918 471.383,81.791 472.249,81.663 473.115,81.518 473.981,81.324 474.847,81.040 475.713,80.695 476.579,80.340 477.445,80.034 478.311,79.855 479.177,79.850 480.043,79.953 480.909,80.202 481.775,80.538 482.641,80.931 483.507,81.315 484.373,81.670 485.239,81.963 486.105,82.166 486.971,82.286 487.837,82.338 488.703,82.348 489.569,82.350 490.435,82.358 491.301,82.373 492.167,82.392 493.034,82.391 493.900,82.347 494.766,82.207 495.632,81.933 496.498,81.541 497.364,81.035 498.230,80.495 499.096,79.981 499.962,79.489 500.828,79.097 501.694,78.802 502.560,78.709 503.426,78.844 504.292,79.210 505.158,79.669 506.024,80.076 506.890,80.338 507.756,80.272 508.622,80.026 509.488,79.627 510.354,79.343 511.220,79.340 512.086,79.474 512.952,79.434 513.819,78.672 514.685,76.705 515.551,73.295 516.417,68.764 517.283,63.804 518.149,58.861 519.015,53.878 519.881,49.433 520.747,45.429 521.613,42.596 522.479,41.537 523.345,41.844 524.211,43.698 525.077,45.991 525.943,48.106 526.809,50.841 527.675,53.839 528.541,56.171 529.407,57.546 530.273,58.297 531.139,58.616 532.005,58.749 532.871,58.802 533.737,58.659 534.603,59.047 535.470,60.240 536.336,62.653 537.202,65.733 538.068,68.931 538.934,72.146 539.800,75.017 540.666,77.427 541.532,79.306 542.398,80.633 543.264,81.478 544.130,81.953 544.996,82.144 545.862,82.190 546.728,82.156 547.594,82.110 548.460,82.063 549.326,82.017 550.192,81.937 551.058,81.820 551.924,81.678 552.790,81.557 553.656,81.466 554.522,81.398 555.388,81.370 556.254,81.356 557.121,81.367 557.987,81.403 558.853,81.455 559.719,81.521 560.585,81.567 561.451,81.640 562.317,81.691 563.183,81.714 564.049,81.762 564.915,81.831 565.781,81.910 566.647,82.012 567.513,82.109 "/>
<g>
</g>
</g>
<g id="ID000005" clip-path="url(#ID000001)" >
      <polygon fill="#ff0000" fill-opacity="0.40" stroke="#ff0000" stroke-width="0.5pt" stroke-opacity="0.00" stroke-dasharray="none" points="-58.634,81.235 -57.768,81.260 -56.902,81.430 -56.036,81.656 -55.170,81.904 -54.304,82.106 -53.438,82.243 -52.572,82.340 -51.706,82.400 -50.840,82.426 -49.974,82.453 -49.108,82.466 -48.242,82.483 -47.375,82.498 -46.509,82.522 -45.643,82.546 -44.777,82.562 -43.911,82.573 -43.045,82.572 -42.179,82.545 -41.313,82.480 -40.447,82.383 -39.581,82.238 -38.715,82.053 -37.849,81.820 -36.983,81.598 -36.117,81.433 -35.251,81.327 -34.385,81.233 -33.519,81.154 -32.653,81.069 -31.787,80.999 -30.921,80.982 -30.055,80.985 -29.189,81.009 -28.323,81.126 -27.457,81.329 -26.591,81.595 -25.724,81.878 -24.858,82.111 -23.992,82.306 -23.126,82.442 -22.260,82.538 -21.394,82.580 -20.528,82.598 -19.662,82.596 -18.796,82.582 -17.930,82.562 -17.064,82.536 -16.198,82.481 -15.332,82.406 -14.466,82.284 -13.600,82.098 -12.734,81.784 -11.868,81.367 -11.002,80.837 -10.136,80.326 -9.270,79.901 -8.404,79.681 -7.538,79.580 -6.672,79.746 -5.806,80.041 -4.940,80.423 -4.073,80.838 -3.207,81.194 -2.341,81.447 -1.475,81.546 -0.609,81.503 0.257,81.344 1.123,81.103 1.989,80.934 2.855,80.933 3.721,81.055 4.587,81.159 5.453,81.097 6.319,80.715 7.185,79.699 8.051,77.607 8.917,74.347 9.783,70.019 10.649,65.067 11.515,60.252 12.381,56.622 13.247,54.215 14.113,52.942 14.979,52.037 15.845,51.051 16.711,49.657 17.578,49.209 18.444,49.961 19.310,51.569 20.176,53.410 21.042,55.238 21.908,56.761 22.774,58.225 23.640,59.676 24.506,60.954 25.372,62.456 26.238,63.311 27.104,64.505 27.970,65.977 28.836,67.350 29.702,69.061 30.568,71.345 31.434,73.553 32.300,75.883 33.166,77.994 34.032,79.562 34.898,80.650 35.764,81.400 36.630,81.813 37.496,81.990 38.362,82.023 39.229,82.006 40.095,82.049 40.961,82.146 41.827,82.200 42.693,82.206 43.559,82.144 44.425,82.040 45.291,81.928 46.157,81.821 47.023,81.726 47.889,81.663 48.755,81.657 49.621,81.651 50.487,81.649 51.353,81.643 52.219,81.616 53.085,81.624 53.951,81.710 54.817,81.779 55.683,81.821 56.549,81.813 57.415,81.752 58.281,81.654 59.147,81.534 60.013,81.396 60.880,81.288 61.746,81.251 62.612,81.268 63.478,81.290 64.344,81.318 65.210,81.324 66.076,81.355 66.942,81.392 67.808,81.446 68.674,81.510 69.540,81.617 70.406,81.828 71.272,82.064 72.138,82.265 73.004,82.403 73.870,82.490 74.736,82.533 75.602,82.552 76.468,82.545 77.334,82.536 78.200,82.529 79.066,82.538 79.932,82.536 80.798,82.525 81.664,82.497 82.531,82.455 83.397,82.404 84.263,82.347 85.129,82.279 85.995,82.215 86.861,82.119 87.727,81.989 88.593,81.834 89.459,81.673 90.325,81.540 91.191,81.476 92.057,81.453 92.923,81.447 93.789,81.474 94.655,81.509 95.521,81.551 96.387,81.588 97.253,81.583 98.119,81.581 98.985,81.612 99.851,81.692 100.717,81.828 101.583,81.999 102.449,82.177 103.315,82.327 104.182,82.443 105.048,82.510 105.914,82.542 106.780,82.544 107.646,82.537 108.512,82.525 109.378,82.506 110.244,82.476 111.110,82.409 111.976,82.320 112.842,82.164 113.708,81.923 114.574,81.585 115.440,81.193 116.306,80.858 117.172,80.589 118.038,80.416 118.904,80.321 119.770,80.325 120.636,80.442 121.502,80.697 122.368,80.988 123.234,81.276 124.100,81.534 124.966,81.718 125.833,81.802 126.699,81.726 127.565,81.550 128.431,81.336 129.297,81.217 130.163,81.196 131.029,81.161 131.895,81.143 132.761,80.985 133.627,80.523 134.493,79.366 135.359,77.011 136.225,73.751 137.091,69.354 137.957,64.332 138.823,59.439 139.689,55.202 140.555,52.349 141.421,50.397 142.287,48.775 143.153,47.861 144.019,47.184 144.885,47.824 145.751,49.334 146.617,51.115 147.484,52.455 148.350,53.943 149.216,55.278 150.082,57.020 150.948,58.827 151.814,60.579 152.680,62.448 153.546,64.020 154.412,65.588 155.278,67.171 156.144,68.706 157.010,70.759 157.876,73.226 158.742,75.725 159.608,77.956 160.474,79.696 161.340,80.853 162.206,81.550 163.072,81.918 163.938,82.078 164.804,82.146 165.670,82.157 166.536,82.187 167.402,82.253 168.268,82.305 169.135,82.320 170.001,82.296 170.867,82.253 171.733,82.183 172.599,82.124 173.465,82.075 174.331,82.066 175.197,82.078 176.063,82.075 176.929,82.063 177.795,82.023 178.661,81.923 179.527,81.805 180.393,81.691 181.259,81.606 182.125,81.528 182.991,81.452 183.857,81.408 184.723,81.357 185.589,81.333 186.455,81.321 187.321,81.322 188.187,81.343 189.053,81.402 189.919,81.491 190.786,81.601 191.652,81.696 192.518,81.775 193.384,81.840 194.250,81.904 195.116,81.943 195.982,81.969 196.848,82.028 197.714,82.100 198.580,82.192 199.446,82.281 200.312,82.331 201.178,82.349 202.044,82.354 202.910,82.333 203.776,82.302 204.642,82.272 205.508,82.238 206.374,82.223 207.240,82.219 208.106,82.231 208.972,82.242 209.838,82.244 210.704,82.239 211.570,82.226 212.437,82.207 213.303,82.180 214.169,82.159 215.035,82.121 215.901,82.083 216.767,82.043 217.633,82.006 218.499,81.987 219.365,81.968 220.231,81.950 221.097,81.915 221.963,81.860 222.829,81.796 223.695,81.684 224.561,81.571 225.427,81.455 226.293,81.368 227.159,81.344 228.025,81.444 228.891,81.618 229.757,81.820 230.623,82.019 231.489,82.175 232.355,82.279 233.222,82.347 234.088,82.392 234.954,82.404 235.820,82.418 236.686,82.420 237.552,82.417 238.418,82.404 239.284,82.351 240.150,82.264 241.016,82.129 241.882,81.939 242.748,81.730 243.614,81.540 244.480,81.309 245.346,81.081 246.212,80.909 247.078,80.804 247.944,80.843 248.810,80.972 249.676,81.146 250.542,81.370 251.408,81.550 252.274,81.654 253.140,81.708 254.006,81.610 254.873,81.419 255.739,81.159 256.605,80.942 257.471,80.827 258.337,80.780 259.203,80.729 260.069,80.608 260.935,79.979 261.801,78.482 262.667,75.619 263.533,71.323 264.399,66.212 265.265,60.363 266.131,55.127 266.997,50.376 267.863,47.694 268.729,46.085 269.595,45.613 270.461,45.395 271.327,45.774 272.193,47.320 273.059,49.576 273.925,51.744 274.791,53.676 275.657,55.428 276.524,57.548 277.390,59.581 278.256,61.406 279.122,63.093 279.988,64.807 280.854,66.246 281.720,67.510 282.586,68.838 283.452,70.622 284.318,73.252 285.184,75.874 286.050,78.267 286.916,80.083 287.782,81.223 288.648,81.901 289.514,82.259 290.380,82.400 291.246,82.452 292.112,82.465 292.978,82.469 293.844,82.476 294.710,82.491 295.576,82.509 296.442,82.500 297.308,82.481 298.175,82.439 299.041,82.396 299.907,82.345 300.773,82.277 301.639,82.212 302.505,82.150 303.371,82.086 304.237,81.993 305.103,81.864 305.969,81.701 306.835,81.489 307.701,81.312 308.567,81.207 309.433,81.177 310.299,81.214 311.165,81.303 312.031,81.426 312.897,81.544 313.763,81.674 314.629,81.798 315.495,81.909 316.361,82.021 317.227,82.102 318.093,82.150 318.959,82.168 319.826,82.144 320.692,82.087 321.558,82.011 322.424,81.921 323.290,81.859 324.156,81.821 325.022,81.823 325.888,81.856 326.754,81.888 327.620,81.929 328.486,81.957 329.352,81.973 330.218,81.964 331.084,81.970 331.950,81.962 332.816,81.983 333.682,82.041 334.548,82.133 335.414,82.230 336.280,82.323 337.146,82.381 338.012,82.430 338.878,82.445 339.744,82.452 340.610,82.450 341.477,82.445 342.343,82.428 343.209,82.384 344.075,82.321 344.941,82.231 345.807,82.117 346.673,81.983 347.539,81.818 348.405,81.636 349.271,81.431 350.137,81.208 351.003,80.972 351.869,80.765 352.735,80.633 353.601,80.616 354.467,80.748 355.333,80.967 356.199,81.268 357.065,81.569 357.931,81.843 358.797,82.067 359.663,82.217 360.529,82.314 361.395,82.364 362.261,82.367 363.128,82.375 363.994,82.397 364.860,82.431 365.726,82.470 366.592,82.475 367.458,82.411 368.324,82.288 369.190,82.069 370.056,81.782 370.922,81.471 371.788,81.165 372.654,80.866 373.520,80.599 374.386,80.404 375.252,80.298 376.118,80.360 376.984,80.496 377.850,80.681 378.716,80.851 379.582,81.039 380.448,81.158 381.314,81.133 382.180,80.952 383.046,80.709 383.912,80.528 384.779,80.538 385.645,80.611 386.511,80.516 387.377,80.107 388.243,78.994 389.109,76.392 389.975,72.441 390.841,67.160 391.707,61.279 392.573,55.924 393.439,51.392 394.305,48.317 395.171,46.587 396.037,45.995 396.903,45.822 397.769,46.220 398.635,48.308 399.501,51.087 400.367,54.099 401.233,56.506 402.099,58.321 402.965,59.860 403.831,61.265 404.697,62.567 405.563,63.497 406.430,64.553 407.296,65.571 408.162,66.743 409.028,67.600 409.894,69.149 410.760,71.541 411.626,74.283 412.492,76.875 413.358,79.000 414.224,80.541 415.090,81.484 415.956,81.997 416.822,82.300 417.688,82.462 418.554,82.524 419.420,82.541 420.286,82.540 421.152,82.528 422.018,82.516 422.884,82.495 423.750,82.450 424.616,82.386 425.482,82.314 426.348,82.245 427.214,82.148 428.081,82.045 428.947,81.938 429.813,81.830 430.679,81.750 431.545,81.696 432.411,81.627 433.277,81.528 434.143,81.430 435.009,81.400 435.875,81.417 436.741,81.470 437.607,81.562 438.473,81.686 439.339,81.848 440.205,82.022 441.071,82.166 441.937,82.278 442.803,82.337 443.669,82.353 444.535,82.299 445.401,82.201 446.267,82.005 447.133,81.755 447.999,81.542 448.865,81.403 449.732,81.363 450.598,81.386 451.464,81.435 452.330,81.528 453.196,81.627 454.062,81.725 454.928,81.819 455.794,81.892 456.660,81.967 457.526,82.035 458.392,82.103 459.258,82.183 460.124,82.270 460.990,82.353 461.856,82.441 462.722,82.511 463.588,82.569 464.454,82.606 465.320,82.617 466.186,82.603 467.052,82.552 467.918,82.465 468.784,82.346 469.650,82.209 470.516,82.094 471.383,81.970 472.249,81.845 473.115,81.688 473.981,81.514 474.847,81.289 475.713,81.003 476.579,80.683 477.445,80.395 478.311,80.216 479.177,80.168 480.043,80.278 480.909,80.518 481.775,80.855 482.641,81.223 483.507,81.571 484.373,81.881 485.239,82.122 486.105,82.303 486.971,82.409 487.837,82.462 488.703,82.475 489.569,82.476 490.435,82.472 491.301,82.483 492.167,82.499 493.034,82.504 493.900,82.461 494.766,82.348 495.632,82.120 496.498,81.795 497.364,81.377 498.230,80.912 499.096,80.432 499.962,79.979 500.828,79.612 501.694,79.444 502.560,79.470 503.426,79.638 504.292,79.881 505.158,80.240 506.024,80.591 506.890,80.827 507.756,80.941 508.622,80.893 509.488,80.729 510.354,80.525 511.220,80.488 512.086,80.522 512.952,80.453 513.819,80.124 514.685,79.262 515.551,77.603 516.417,74.405 517.283,69.756 518.149,64.146 519.015,59.075 519.881,55.001 520.747,51.533 521.613,49.820 522.479,48.847 523.345,48.962 524.211,49.505 525.077,51.269 525.943,53.761 526.809,56.378 527.675,58.205 528.541,59.561 529.407,60.484 530.273,61.313 531.139,62.064 532.005,62.488 532.871,62.578 533.737,63.025 534.603,63.723 535.470,64.393 536.336,65.710 537.202,67.925 538.068,70.926 538.934,74.134 539.800,77.001 540.666,79.104 541.532,80.615 542.398,81.455 543.264,81.974 544.130,82.283 544.996,82.396 545.862,82.396 546.728,82.355 547.594,82.327 548.460,82.302 549.326,82.248 550.192,82.181 551.058,82.113 551.924,82.051 552.790,81.962 553.656,81.875 554.522,81.771 555.388,81.693 556.254,81.625 557.121,81.609 557.987,81.682 558.853,81.789 559.719,81.874 560.585,81.923 561.451,81.945 562.317,81.943 563.183,81.952 564.049,81.974 564.915,82.029 565.781,82.114 566.647,82.218 567.513,82.314 567.513,81.859 566.647,81.768 565.781,81.682 564.915,81.595 564.049,81.536 563.183,81.479 562.317,81.404 561.451,81.313 560.585,81.225 559.719,81.117 558.853,81.067 557.987,81.058 557.121,81.042 556.254,80.954 555.388,80.909 554.522,80.865 553.656,80.950 552.790,81.124 551.924,81.341 551.058,81.523 550.192,81.672 549.326,81.728 548.460,81.795 547.594,81.849 546.728,81.898 545.862,81.911 544.996,81.803 544.130,81.485 543.264,80.792 542.398,79.657 541.532,78.048 540.666,76.040 539.800,73.611 538.934,70.666 538.068,67.382 537.202,63.922 536.336,60.528 535.470,57.500 534.603,55.217 533.737,53.899 532.871,53.576 532.005,53.968 531.139,53.912 530.273,53.410 529.407,52.195 528.541,50.379 527.675,47.797 526.809,45.401 525.943,42.080 525.077,38.486 524.211,35.961 523.345,34.981 522.479,35.389 521.613,37.750 520.747,40.745 519.881,44.452 519.015,49.405 518.149,54.629 517.283,59.488 516.417,64.257 515.551,68.803 514.685,72.664 513.819,75.917 512.952,77.700 512.086,78.392 511.220,78.421 510.354,78.469 509.488,78.595 508.622,79.011 507.756,79.447 506.890,79.495 506.024,79.221 505.158,78.651 504.292,78.003 503.426,77.677 502.560,77.657 501.694,77.898 500.828,78.293 499.962,78.729 499.096,79.318 498.230,79.980 497.364,80.643 496.498,81.233 495.632,81.712 494.766,82.013 493.900,82.199 493.034,82.264 492.167,82.260 491.301,82.229 490.435,82.203 489.569,82.179 488.703,82.177 487.837,82.157 486.971,82.098 486.105,81.955 485.239,81.733 484.373,81.395 483.507,81.007 482.641,80.596 481.775,80.181 480.909,79.824 480.043,79.567 479.177,79.408 478.311,79.471 477.445,79.702 476.579,79.993 475.713,80.369 474.847,80.752 473.981,81.058 473.115,81.285 472.249,81.422 471.383,81.576 470.516,81.743 469.650,81.917 468.784,82.097 467.918,82.247 467.052,82.356 466.186,82.415 465.320,82.437 464.454,82.417 463.588,82.378 462.722,82.307 461.856,82.223 460.990,82.124 460.124,82.008 459.258,81.891 458.392,81.791 457.526,81.696 456.660,81.615 455.794,81.517 454.928,81.406 454.062,81.283 453.196,81.148 452.330,81.019 451.464,80.896 450.598,80.818 449.732,80.810 448.865,80.864 447.999,81.001 447.133,81.159 446.267,81.385 445.401,81.586 444.535,81.798 443.669,81.936 442.803,81.973 441.937,81.872 441.071,81.693 440.205,81.502 439.339,81.314 438.473,81.147 437.607,80.992 436.741,80.882 435.875,80.795 435.009,80.738 434.143,80.716 433.277,80.720 432.411,80.814 431.545,80.982 430.679,81.184 429.813,81.330 428.947,81.385 428.081,81.449 427.214,81.496 426.348,81.628 425.482,81.793 424.616,81.972 423.750,82.088 422.884,82.129 422.018,82.155 421.152,82.175 420.286,82.196 419.420,82.201 418.554,82.141 417.688,81.945 416.822,81.539 415.956,80.795 415.090,79.725 414.224,78.273 413.358,76.384 412.492,74.133 411.626,71.373 410.760,68.382 409.894,65.273 409.028,61.967 408.162,59.007 407.296,56.650 406.430,55.568 405.563,55.140 404.697,54.927 403.831,53.607 402.965,51.306 402.099,48.321 401.233,45.300 400.367,42.319 399.501,39.770 398.635,36.074 397.769,33.288 396.903,31.702 396.037,31.802 395.171,34.120 394.305,37.570 393.439,41.507 392.573,46.331 391.707,52.031 390.841,57.603 389.975,62.692 389.109,67.512 388.243,71.778 387.377,75.055 386.511,77.154 385.645,78.173 384.779,78.366 383.912,78.422 383.046,78.478 382.180,78.773 381.314,79.230 380.448,79.522 379.582,79.449 378.716,79.086 377.850,78.633 376.984,78.305 376.118,78.319 375.252,78.558 374.386,78.888 373.520,79.192 372.654,79.519 371.788,79.981 370.922,80.523 370.056,81.057 369.190,81.514 368.324,81.852 367.458,82.097 366.592,82.186 365.726,82.189 364.860,82.141 363.994,82.084 363.128,82.047 362.261,82.031 361.395,82.024 360.529,81.983 359.663,81.889 358.797,81.673 357.931,81.373 357.065,81.032 356.199,80.703 355.333,80.409 354.467,80.185 353.601,80.078 352.735,80.073 351.869,80.203 351.003,80.408 350.137,80.699 349.271,80.991 348.405,81.259 347.539,81.487 346.673,81.674 345.807,81.816 344.941,81.950 344.075,82.052 343.209,82.130 342.343,82.173 341.477,82.211 340.610,82.227 339.744,82.237 338.878,82.233 338.012,82.217 337.146,82.152 336.280,82.061 335.414,81.943 334.548,81.829 333.682,81.729 332.816,81.653 331.950,81.616 331.084,81.612 330.218,81.604 329.352,81.594 328.486,81.565 327.620,81.535 326.754,81.510 325.888,81.485 325.022,81.467 324.156,81.480 323.290,81.515 322.424,81.574 321.558,81.638 320.692,81.704 319.826,81.736 318.959,81.757 318.093,81.782 317.227,81.746 316.361,81.686 315.495,81.596 314.629,81.441 313.763,81.249 312.897,81.048 312.031,80.857 311.165,80.695 310.299,80.609 309.433,80.594 308.567,80.649 307.701,80.789 306.835,80.960 305.969,81.148 305.103,81.347 304.237,81.538 303.371,81.680 302.505,81.765 301.639,81.786 300.773,81.801 299.907,81.819 299.041,81.881 298.175,81.989 297.308,82.102 296.442,82.171 295.576,82.146 294.710,82.099 293.844,82.056 292.978,82.028 292.112,82.028 291.246,81.978 290.380,81.794 289.514,81.366 288.648,80.541 287.782,79.354 286.916,77.780 286.050,75.815 285.184,73.299 284.318,70.111 283.452,66.704 282.586,63.090 281.720,59.583 280.854,56.825 279.988,55.176 279.122,54.233 278.256,53.755 277.390,52.265 276.524,49.338 275.657,45.955 274.791,42.702 273.925,40.233 273.059,38.222 272.193,36.068 271.327,33.320 270.461,31.691 269.595,31.486 268.729,33.109 267.863,36.590 266.997,40.922 266.131,45.941 265.265,51.635 264.399,57.339 263.533,62.851 262.667,66.866 261.801,70.594 260.935,73.568 260.069,75.938 259.203,77.467 258.337,78.256 257.471,78.640 256.605,78.841 255.739,79.071 254.873,79.425 254.006,79.866 253.140,80.125 252.274,80.121 251.408,79.847 250.542,79.521 249.676,79.244 248.810,79.200 247.944,79.290 247.078,79.536 246.212,79.784 245.346,80.018 244.480,80.343 243.614,80.717 242.748,81.089 241.882,81.414 241.016,81.688 240.150,81.895 239.284,82.034 238.418,82.120 237.552,82.142 236.686,82.138 235.820,82.138 234.954,82.134 234.088,82.122 233.222,82.064 232.355,81.951 231.489,81.791 230.623,81.588 229.757,81.362 228.891,81.176 228.025,81.034 227.159,80.955 226.293,80.936 225.427,80.979 224.561,81.102 223.695,81.263 222.829,81.430 221.963,81.557 221.097,81.651 220.231,81.661 219.365,81.670 218.499,81.682 217.633,81.722 216.767,81.758 215.901,81.806 215.035,81.841 214.169,81.895 213.303,81.925 212.437,81.949 211.570,81.973 210.704,81.985 209.838,81.988 208.972,81.982 208.106,81.977 207.240,81.958 206.374,81.962 205.508,81.977 204.642,82.004 203.776,82.034 202.910,82.061 202.044,82.059 201.178,82.021 200.312,81.964 199.446,81.895 198.580,81.820 197.714,81.721 196.848,81.626 195.982,81.515 195.116,81.436 194.250,81.351 193.384,81.306 192.518,81.288 191.652,81.238 190.786,81.153 189.919,81.067 189.053,81.005 188.187,80.935 187.321,80.879 186.455,80.845 185.589,80.795 184.723,80.790 183.857,80.810 182.991,80.858 182.125,80.963 181.259,81.086 180.393,81.240 179.527,81.406 178.661,81.533 177.795,81.647 176.929,81.695 176.063,81.712 175.197,81.651 174.331,81.554 173.465,81.510 172.599,81.508 171.733,81.597 170.867,81.729 170.001,81.828 169.135,81.839 168.268,81.753 167.402,81.625 166.536,81.525 165.670,81.467 164.804,81.398 163.938,81.198 163.072,80.739 162.206,79.914 161.340,78.734 160.474,77.235 159.608,75.360 158.742,73.132 157.876,70.116 157.010,66.713 156.144,63.007 155.278,59.460 154.412,56.336 153.546,54.532 152.680,53.102 151.814,52.568 150.948,51.655 150.082,49.810 149.216,46.852 148.350,43.892 147.484,41.237 146.617,39.701 145.751,38.673 144.885,37.049 144.019,35.324 143.153,34.580 142.287,35.489 141.421,38.228 140.555,42.248 139.689,46.497 138.823,51.585 137.957,56.696 137.091,61.398 136.225,65.333 135.359,68.815 134.493,71.903 133.627,74.690 132.761,76.788 131.895,78.301 131.029,79.119 130.163,79.300 129.297,79.487 128.431,79.643 127.565,79.931 126.699,80.222 125.833,80.429 124.966,80.374 124.100,80.010 123.234,79.493 122.368,79.106 121.502,78.886 120.636,78.837 119.770,78.956 118.904,79.047 118.038,79.205 117.172,79.538 116.306,79.944 115.440,80.400 114.574,80.830 113.708,81.253 112.842,81.621 111.976,81.883 111.110,82.064 110.244,82.160 109.378,82.223 108.512,82.261 107.646,82.285 106.780,82.292 105.914,82.277 105.048,82.226 104.182,82.125 103.315,81.976 102.449,81.792 101.583,81.593 100.717,81.414 99.851,81.269 98.985,81.151 98.119,81.067 97.253,81.045 96.387,81.061 95.521,81.095 94.655,81.105 93.789,81.052 92.923,80.990 92.057,80.950 91.191,80.988 90.325,81.098 89.459,81.282 88.593,81.476 87.727,81.656 86.861,81.798 85.995,81.913 85.129,81.994 84.263,82.075 83.397,82.155 82.531,82.229 81.664,82.288 80.798,82.305 79.932,82.322 79.066,82.314 78.200,82.298 77.334,82.294 76.468,82.307 75.602,82.310 74.736,82.273 73.870,82.186 73.004,82.040 72.138,81.828 71.272,81.609 70.406,81.351 69.540,81.093 68.674,80.862 67.808,80.739 66.942,80.678 66.076,80.679 65.210,80.738 64.344,80.731 63.478,80.704 62.612,80.694 61.746,80.726 60.880,80.794 60.013,80.896 59.147,81.017 58.281,81.148 57.415,81.250 56.549,81.250 55.683,81.216 54.817,81.151 53.951,81.124 53.085,81.109 52.219,81.098 51.353,81.122 50.487,81.165 49.621,81.157 48.755,81.131 47.889,81.096 47.023,81.061 46.157,81.128 45.291,81.250 44.425,81.456 43.559,81.628 42.693,81.664 41.827,81.564 40.961,81.454 40.095,81.354 39.229,81.311 38.362,81.256 37.496,81.075 36.630,80.607 35.764,79.754 34.898,78.434 34.032,76.890 33.166,75.137 32.300,73.210 31.434,70.884 30.568,67.879 29.702,64.442 28.836,60.908 27.970,57.739 27.104,55.160 26.238,53.900 25.372,53.287 24.506,53.242 23.640,52.569 22.774,50.552 21.908,47.673 21.042,44.579 20.176,42.708 19.310,41.628 18.444,40.826 17.578,39.518 16.711,38.658 15.845,38.511 14.979,39.584 14.113,42.224 13.247,45.078 12.381,48.568 11.515,52.916 10.649,57.465 9.783,61.727 8.917,65.664 8.051,69.388 7.185,72.753 6.319,75.449 5.453,77.695 4.587,78.980 3.721,79.355 2.855,79.341 1.989,79.385 1.123,79.486 0.257,79.768 -0.609,80.112 -1.475,80.194 -2.341,79.992 -3.207,79.398 -4.073,78.783 -4.940,78.307 -5.806,78.006 -6.672,77.900 -7.538,78.011 -8.404,78.276 -9.270,78.710 -10.136,79.300 -11.002,79.945 -11.868,80.540 -12.734,81.078 -13.600,81.512 -14.466,81.818 -15.332,82.035 -16.198,82.159 -17.064,82.223 -17.930,82.261 -18.796,82.276 -19.662,82.296 -20.528,82.299 -21.394,82.275 -22.260,82.222 -23.126,82.093 -23.992,81.916 -24.858,81.655 -25.724,81.332 -26.591,81.030 -27.457,80.724 -28.323,80.478 -29.189,80.306 -30.055,80.244 -30.921,80.289 -31.787,80.442 -32.653,80.536 -33.519,80.564 -34.385,80.604 -35.251,80.730 -36.117,80.916 -36.983,81.163 -37.849,81.408 -38.715,81.668 -39.581,81.919 -40.447,82.121 -41.313,82.259 -42.179,82.334 -43.045,82.375 -43.911,82.385 -44.777,82.372 -45.643,82.347 -46.509,82.317 -47.375,82.285 -48.242,82.262 -49.108,82.232 -49.974,82.200 -50.840,82.171 -51.706,82.128 -52.572,82.042 -53.438,81.883 -54.304,81.682 -55.170,81.413 -56.036,81.120 -56.902,80.838 -57.768,80.576 -58.634,80.407 "/>
</g>
    </g>
    <g>
      <polyline fill="none" stroke="#262626" stroke-width="1.0pt" stroke-dasharray="none" points="144.875,82.768 144.875,79.304 "/>
      <polyline fill="none" stroke="#262626" stroke-width="1.0pt" stroke-dasharray="none" points="208.096,82.768 208.096,79.304 "/>
      <polyline fill="none" stroke="#262626" stroke-width="1.0pt" stroke-dasharray="none" points="271.316,82.768 271.316,79.304 "/>
      <polyline fill="none" stroke="#262626" stroke-width="1.0pt" stroke-dasharray="none" points="334.537,82.768 334.537,79.304 "/>
      <polyline fill="none" stroke="#262626" stroke-width="1.0pt" stroke-dasharray="none" points="397.757,82.768 397.757,79.304 "/>
      <polyline fill="none" stroke="#262626" stroke-width="1.0pt" stroke-dasharray="none" points="81.655,82.768 428.069,82.768 "/>
      <polyline fill="none" stroke="#262626" stroke-width="1.0pt" stroke-dasharray="none" points="144.875,18.482 144.875,21.946 "/>
      <polyline fill="none" stroke="#262626" stroke-width="1.0pt" stroke-dasharray="none" points="208.096,18.482 208.096,21.946 "/>
      <polyline fill="none" stroke="#262626" stroke-width="1.0pt" stroke-dasharray="none" points="271.316,18.482 271.316,21.946 "/>
      <polyline fill="none" stroke="#262626" stroke-width="1.0pt" stroke-dasharray="none" points="334.537,18.482 334.537,21.946 "/>
      <polyline fill="none" stroke="#262626" stroke-width="1.0pt" stroke-dasharray="none" points="397.757,18.482 397.757,21.946 "/>
      <polyline fill="none" stroke="#262626" stroke-width="1.0pt" stroke-dasharray="none" points="81.655,18.482 428.069,18.482 "/>
  <g transform="translate(81.655,94.010)">
    <g transform="rotate(-0.0)">
      <text x="0.000" y="0.000" font-family="Arial" text-anchor="middle" font-size="8pt" fill="#262626" >0</text>
    </g>
  </g>
  <g transform="translate(144.875,94.010)">
    <g transform="rotate(-0.0)">
      <text x="0.000" y="0.000" font-family="Arial" text-anchor="middle" font-size="8pt" fill="#262626" >0.5</text>
    </g>
  </g>
  <g transform="translate(208.096,94.010)">
    <g transform="rotate(-0.0)">
      <text x="0.000" y="0.000" font-family="Arial" text-anchor="middle" font-size="8pt" fill="#262626" >1.0</text>
    </g>
  </g>
  <g transform="translate(271.316,94.010)">
    <g transform="rotate(-0.0)">
      <text x="0.000" y="0.000" font-family="Arial" text-anchor="middle" font-size="8pt" fill="#262626" >1.5</text>
    </g>
  </g>
  <g transform="translate(334.537,94.010)">
    <g transform="rotate(-0.0)">
      <text x="0.000" y="0.000" font-family="Arial" text-anchor="middle" font-size="8pt" fill="#262626" >2.0</text>
    </g>
  </g>
  <g transform="translate(397.757,94.010)">
    <g transform="rotate(-0.0)">
      <text x="0.000" y="0.000" font-family="Arial" text-anchor="middle" font-size="8pt" fill="#262626" >2.5</text>
    </g>
  </g>
      <polyline fill="none" stroke="#262626" stroke-width="1.0pt" stroke-dasharray="none" points="81.655,50.625 85.119,50.625 "/>
      <polyline fill="none" stroke="#262626" stroke-width="1.0pt" stroke-dasharray="none" points="81.655,82.768 81.655,18.482 "/>
      <polyline fill="none" stroke="#262626" stroke-width="1.0pt" stroke-dasharray="none" points="428.069,50.625 424.605,50.625 "/>
      <polyline fill="none" stroke="#262626" stroke-width="1.0pt" stroke-dasharray="none" points="428.069,82.768 428.069,18.482 "/>
  <g transform="translate(74.726,86.565)">
    <g transform="rotate(-0.0)">
      <text x="0.000" y="0.000" font-family="Arial" text-anchor="end" font-size="8pt" fill="#262626" >0</text>
    </g>
  </g>
  <g transform="translate(74.726,54.422)">
    <g transform="rotate(-0.0)">
      <text x="0.000" y="0.000" font-family="Arial" text-anchor="end" font-size="8pt" fill="#262626" >0.5</text>
    </g>
  </g>
  <g transform="translate(74.726,22.279)">
    <g transform="rotate(-0.0)">
      <text x="0.000" y="0.000" font-family="Arial" text-anchor="end" font-size="8pt" fill="#262626" >1</text>
    </g>
  </g>
      <polyline fill="none" stroke="#262626" stroke-width="1.0pt" stroke-dasharray="none" points="81.655,82.768 81.655,82.125 "/>
      <polyline fill="none" stroke="#262626" stroke-width="1.0pt" stroke-dasharray="none" points="81.655,82.768 81.655,82.768 "/>
